# Created by Octave 4.2.1, Sat Oct 07 15:57:30 2017 EDT <shravan@shravan-Inspiron-15-5568>
# name: p
# type: matrix
# rows: 7
# columns: 1
 19
 8
 18
 1
 22
 1
 14


