# Created by Octave 4.2.1, Sat Oct 07 22:42:20 2017 EDT <shravan@shravan-Inspiron-15-5568>
# name: p
# type: scalar
13


